eval_loss = 0.15393207139145074
f1_score = 0.8906823184152604
precision = 0.8913362701908958
recall = 0.8900293255131965
