name: DFLER
channels:
  - defaults
  - conda-forge
dependencies:
  - asttokens=2.4.1=pyhd8ed1ab_0
  - bzip2=1.0.8=h2466b09_7
  - ca-certificates=2024.9.24=haa95532_0
  - colorama=0.4.6=pyhd8ed1ab_0
  - comm=0.2.2=pyhd8ed1ab_0
  - cpython=3.12.7=py312hd8ed1ab_0
  - debugpy=1.8.7=py312h275cf98_0
  - decorator=5.1.1=pyhd8ed1ab_0
  - exceptiongroup=1.2.2=pyhd8ed1ab_0
  - executing=2.1.0=pyhd8ed1ab_0
  - expat=2.6.3=he0c23c2_0
  - importlib-metadata=8.5.0=pyha770c72_0
  - ipykernel=6.29.5=pyh4bbf305_0
  - ipython=8.28.0=pyh7428d3b_0
  - jedi=0.19.1=pyhd8ed1ab_0
  - jupyter_client=8.6.3=pyhd8ed1ab_0
  - jupyter_core=5.7.2=pyh5737063_1
  - krb5=1.21.3=hdf4eb48_0
  - libexpat=2.6.3=he0c23c2_0
  - libffi=3.4.4=hd77b12b_1
  - libsodium=1.0.20=hc70643c_0
  - libsqlite=3.47.0=h2466b09_0
  - libzlib=1.3.1=h2466b09_2
  - matplotlib-inline=0.1.7=pyhd8ed1ab_0
  - nest-asyncio=1.6.0=pyhd8ed1ab_0
  - openssl=3.3.2=h2466b09_0
  - packaging=24.1=pyhd8ed1ab_0
  - parso=0.8.4=pyhd8ed1ab_0
  - pickleshare=0.7.5=py_1003
  - pip=24.2=pyh8b19718_1
  - platformdirs=4.3.6=pyhd8ed1ab_0
  - prompt-toolkit=3.0.48=pyha770c72_0
  - psutil=6.0.0=py312h4389bb4_2
  - pure_eval=0.2.3=pyhd8ed1ab_0
  - pygments=2.18.0=pyhd8ed1ab_0
  - python=3.12.7=hce54a09_0_cpython
  - python-dateutil=2.9.0=pyhd8ed1ab_0
  - python_abi=3.12=5_cp312
  - pywin32=307=py312h275cf98_3
  - pyzmq=26.2.0=py312hd7027bb_3
  - setuptools=75.1.0=pyhd8ed1ab_0
  - six=1.16.0=pyh6c4a22f_0
  - sqlite=3.47.0=h2466b09_0
  - stack_data=0.6.2=pyhd8ed1ab_0
  - tk=8.6.13=h5226925_1
  - tornado=6.4.1=py312h4389bb4_1
  - traitlets=5.14.3=pyhd8ed1ab_0
  - typing_extensions=4.12.2=pyha770c72_0
  - ucrt=10.0.22621.0=h57928b3_1
  - vc=14.40=h2eaa2aa_1
  - vc14_runtime=14.40.33810=hcc2c482_22
  - vs2015_runtime=14.40.33810=h3bf8584_22
  - wcwidth=0.2.13=pyhd8ed1ab_0
  - wheel=0.44.0=pyhd8ed1ab_0
  - xz=5.4.6=h8cc25b3_1
  - zeromq=4.3.5=ha9f60a1_6
  - zipp=3.20.2=pyhd8ed1ab_0
  - zlib=1.3.1=h2466b09_2
  - pip:
      - annotated-types==0.7.0
      - blis==1.0.1
      - catalogue==2.0.10
      - certifi==2024.8.30
      - charset-normalizer==3.4.0
      - click==8.1.7
      - cloudpathlib==0.20.0
      - confection==0.1.5
      - cymem==2.0.8
      - et-xmlfile==1.1.0
      - filelock==3.16.1
      - fsspec==2024.10.0
      - huggingface-hub==0.26.2
      - idna==3.10
      - iterative-stratification==0.1.9
      - jinja2==3.1.4
      - joblib==1.4.2
      - langcodes==3.4.1
      - language-data==1.2.0
      - marisa-trie==1.2.1
      - markdown-it-py==3.0.0
      - markupsafe==3.0.2
      - mdurl==0.1.2
      - mpmath==1.3.0
      - murmurhash==1.0.10
      - networkx==3.4.2
      - numpy==2.0.2
      - openpyxl==3.1.5
      - pandas==2.2.3
      - preshed==3.0.9
      - pydantic==2.9.2
      - pydantic-core==2.23.4
      - pysbd==0.3.4
      - pytz==2024.2
      - pyyaml==6.0.2
      - regex==2024.9.11
      - requests==2.32.3
      - rich==13.9.3
      - safetensors==0.4.5
      - scikit-learn==1.5.2
      - scipy==1.14.1
      - shellingham==1.5.4
      - smart-open==7.0.5
      - spacy==3.8.2
      - spacy-legacy==3.0.12
      - spacy-loggers==1.0.5
      - srsly==2.4.8
      - sympy==1.13.1
      - thinc==8.3.2
      - threadpoolctl==3.5.0
      - tokenizers==0.20.1
      - torch==2.5.1
      - torchcrf==1.1.0
      - tqdm==4.66.5
      - transformers==4.46.1
      - typer==0.12.5
      - tzdata==2024.2
      - urllib3==2.2.3
      - wasabi==1.1.3
      - weasel==0.4.1
      - wrapt==1.16.0
prefix: C:\Users\sward\.conda\envs\DFLER
